3.1977008832965146e-18 1.1041271645402217e-17 3.6653481622921886e-17 1.169839423149355e-16 3.58965038893802e-16 1.0589926201487074e-15 3.003644950625535e-15 8.190664503405908e-15 2.1473585218719335e-14 5.4125866698318384e-14 1.3116562949356044e-13 3.055977221674954e-13 6.84534054476761e-13 1.4741948334522748e-12 3.052316693236444e-12 6.076019788471547e-12 1.1628498683926438e-11 2.1396512767029872e-11 3.785098860676575e-11 6.437634823838005e-11 1.0526653526972814e-10 1.6548902634748646e-10 2.5012837027782667e-10 3.634725240108101e-10 5.078028112559034e-10 6.820771420745657e-10 8.808191965076177e-10 1.0935909994108357e-09 1.3053830344659896e-09 1.498083020195907e-09 1.6529079931787699e-09 1.7533812529692558e-09 1.7882116438767853e-09 1.7533812529692558e-09 1.6529079931787699e-09 1.498083020195907e-09 1.3053830344659896e-09 1.0935909994108357e-09 8.808191965076177e-10 6.820771420745657e-10 5.078028112559034e-10 3.6347252401081065e-10 2.5012837027782667e-10 1.6548902634748646e-10 1.0526653526972837e-10 6.437634823838005e-11 3.7850988606765807e-11 2.1396512767029814e-11 1.1628498683926438e-11 6.076019788471563e-12 3.0523166932364388e-12 1.4741948334522748e-12 6.845340544767586e-13 3.055977221674954e-13 1.3116562949356044e-13 5.4125866698318194e-14 2.1473585218719335e-14 8.190664503405938e-15 3.003644950625535e-15 1.0589926201487074e-15 3.589650388938039e-16 1.169839423149355e-16 3.6653481622921886e-17 1.1041271645402139e-17
1.1041271645402217e-17 3.8124166079563427e-17 1.2656000736730315e-16 4.0393130326739644e-16 1.2394625545910768e-15 3.656572523907921e-15 1.0371220147398023e-14 2.8281366844177167e-14 7.414567411200502e-14 1.8689002476143962e-13 4.5289894165635464e-13 1.0551917104857591e-12 2.3636127085829224e-12 5.090215191614507e-12 1.053927774604e-11 2.0979756223538206e-11 4.015178951480697e-11 7.387955232434011e-11 1.3069485311693306e-10 2.2228368893159362e-10 3.6347252401081034e-10 5.714134501386039e-10 8.636627950054407e-10 1.2550263516536675e-09 1.7533812529692562e-09 2.3551292893290145e-09 3.041361394971887e-09 3.776036513150715e-09 4.5073286122934565e-09 5.172698190674955e-09 5.707289963509429e-09 6.0542118911483234e-09 6.174476988341881e-09 6.0542118911483234e-09 5.707289963509429e-09 5.172698190674955e-09 4.5073286122934565e-09 3.776036513150715e-09 3.041361394971887e-09 2.3551292893290145e-09 1.7533812529692562e-09 1.2550263516536693e-09 8.636627950054407e-10 5.714134501386039e-10 3.634725240108111e-10 2.2228368893159362e-10 1.3069485311693324e-10 7.387955232433992e-11 4.015178951480697e-11 2.097975622353826e-11 1.0539277746039982e-11 5.090215191614507e-12 2.363612708582914e-12 1.0551917104857591e-12 4.5289894165635464e-13 1.8689002476143893e-13 7.414567411200502e-14 2.828136684417727e-14 1.0371220147398023e-14 3.656572523907921e-15 1.2394625545910833e-15 4.0393130326739644e-16 1.2656000736730315e-16 3.8124166079563156e-17
3.6653481622921886e-17 1.2656000736730315e-16 4.201386446429847e-16 1.3409224115412171e-15 4.114618263732508e-15 1.2138648347063443e-14 3.4429125492825664e-14 9.388506987107987e-14 2.461398642080533e-13 6.20414958357933e-13 1.5034792701576758e-12 3.502898145346768e-12 7.846436330893551e-12 1.6897882325017603e-11 3.498702283483891e-11 6.964606377681651e-11 1.3329106704129034e-10 2.4525642520148774e-10 4.3386500674737024e-10 7.379105748858379e-10 1.2066122369894785e-09 1.896909438186614e-09 2.8670835572019914e-09 4.1662850796516785e-09 5.820663561017134e-09 7.818274099068367e-09 1.0096344658424098e-08 1.2535230486778762e-08 1.4962885776654567e-08 1.717169943479993e-08 1.8946372710727634e-08 2.0098042274495316e-08 2.049728383574235e-08 2.0098042274495316e-08 1.8946372710727634e-08 1.717169943479993e-08 1.4962885776654567e-08 1.2535230486778762e-08 1.0096344658424098e-08 7.818274099068367e-09 5.820663561017134e-09 4.166285079651685e-09 2.8670835572019914e-09 1.896909438186614e-09 1.2066122369894812e-09 7.379105748858379e-10 4.3386500674737086e-10 2.452564252014871e-10 1.3329106704129034e-10 6.964606377681671e-11 3.498702283483885e-11 1.6897882325017603e-11 7.846436330893522e-12 3.502898145346768e-12 1.5034792701576758e-12 6.204149583579308e-13 2.461398642080533e-13 9.388506987108021e-14 3.4429125492825664e-14 1.2138648347063443e-14 4.1146182637325294e-15 1.3409224115412171e-15 4.201386446429847e-16 1.2656000736730226e-16
1.169839423149355e-16 4.0393130326739644e-16 1.3409224115412171e-15 4.279713224908022e-15 1.3132293149239248e-14 3.8741938695562237e-14 1.0988464539443994e-13 2.996453573229905e-13 7.855846266433222e-13 1.980128066592159e-12 4.798532756621828e-12 1.1179915697669388e-11 2.504283398107088e-11 5.3931599499628794e-11 1.1166524105918899e-10 2.2228368893159282e-10 4.254142801021994e-10 7.827650260704207e-10 1.3847317273691894e-09 2.3551292893290046e-09 3.8510463420806166e-09 6.054211891148304e-09 9.150637882597978e-09 1.3297193932069788e-08 1.8577339453364446e-08 2.4952950871542837e-08 3.222368377617269e-08 4.000767772229026e-08 4.775582807027186e-08 5.480551934454705e-08 6.04695999979154e-08 6.414529026929774e-08 6.541951715587652e-08 6.414529026929774e-08 6.04695999979154e-08 5.480551934454705e-08 4.775582807027186e-08 4.000767772229026e-08 3.222368377617269e-08 2.4952950871542837e-08 1.8577339453364446e-08 1.329719393206981e-08 9.150637882597978e-09 6.054211891148304e-09 3.851046342080626e-09 2.3551292893290046e-09 1.3847317273691914e-09 7.827650260704186e-10 4.254142801021994e-10 2.2228368893159341e-10 1.1166524105918879e-10 5.3931599499628794e-11 2.5042833981070792e-11 1.1179915697669388e-11 4.798532756621828e-12 1.980128066592152e-12 7.855846266433222e-13 2.996453573229916e-13 1.0988464539443994e-13 3.8741938695562237e-14 1.3132293149239318e-14 4.279713224908022e-15 1.3409224115412171e-15 4.039313032673936e-16
3.58965038893802e-16 1.2394625545910768e-15 4.114618263732508e-15 1.3132293149239248e-14 4.0296420412903363e-14 1.188795765938063e-13 3.371808577082875e-13 9.194612971430173e-13 2.4105651637061484e-12 6.076019788471558e-12 1.4724290048088274e-11 3.4305553342007254e-11 7.684389580430846e-11 1.654890263474865e-10 3.4264461264253345e-10 6.820771420745652e-10 1.3053830344659896e-09 2.4019132238818617e-09 4.249047078909231e-09 7.2267104374715864e-09 1.1816929508540855e-08 1.8577339453364515e-08 2.8078717629355454e-08 4.080241819987336e-08 5.700453624197053e-08 7.656808962724556e-08 9.887832185442267e-08 1.227634947621276e-07 1.4653868164658553e-07 1.681706479864343e-07 1.8555087036396667e-07 1.9682972005152656e-07 2.0073968320415214e-07 1.9682972005152656e-07 1.8555087036396667e-07 1.681706479864343e-07 1.4653868164658553e-07 1.227634947621276e-07 9.887832185442267e-08 7.656808962724556e-08 5.700453624197053e-08 4.080241819987342e-08 2.8078717629355454e-08 1.8577339453364515e-08 1.1816929508540881e-08 7.2267104374715864e-09 4.249047078909238e-09 2.4019132238818555e-09 1.3053830344659896e-09 6.82077142074567e-10 3.426446126425328e-10 1.654890263474865e-10 7.684389580430819e-11 3.4305553342007254e-11 1.4724290048088274e-11 6.076019788471536e-12 2.4105651637061484e-12 9.194612971430205e-13 3.371808577082875e-13 1.188795765938063e-13 4.029642041290358e-14 1.3132293149239248e-14 4.114618263732508e-15 1.2394625545910679e-15
1.0589926201487074e-15 3.656572523907921e-15 1.2138648347063443e-14 3.8741938695562237e-14 1.188795765938063e-13 3.507099039148728e-13 9.94726508934832e-13 2.7125280255353167e-12 7.111474495173878e-12 1.7925032854724588e-11 4.34385324707558e-11 1.0120575510990461e-10 2.2669928751561203e-10 4.882137217530828e-10 1.0108452824273652e-09 2.0122145099561607e-09 3.851046342080634e-09 7.08595016987433e-09 1.2535230486778726e-08 2.1319716941844462e-08 3.4861448292919896e-08 5.480551934454731e-08 8.283579605512455e-08 1.203723345622817e-07 1.6817064798643445e-07 2.2588562413769336e-07 2.917036529774717e-07 3.6216795757432833e-07 4.3230778938325833e-07 4.961248474003828e-07 5.473987187809196e-07 5.806727630157012e-07 5.922076526986736e-07 5.806727630157012e-07 5.473987187809196e-07 4.961248474003828e-07 4.3230778938325833e-07 3.6216795757432833e-07 2.917036529774717e-07 2.2588562413769336e-07 1.6817064798643445e-07 1.2037233456228187e-07 8.283579605512455e-08 5.480551934454731e-08 3.4861448292919975e-08 2.1319716941844462e-08 1.2535230486778744e-08 7.085950169874311e-09 3.851046342080634e-09 2.012214509956166e-09 1.0108452824273633e-09 4.882137217530828e-10 2.2669928751561123e-10 1.0120575510990461e-10 4.34385324707558e-11 1.7925032854724523e-11 7.111474495173878e-12 2.712528025535327e-12 9.94726508934832e-13 3.507099039148728e-13 1.1887957659380693e-13 3.8741938695562237e-14 1.2138648347063443e-14 3.656572523907895e-15
3.003644950625535e-15 1.0371220147398023e-14 3.4429125492825664e-14 1.0988464539443994e-13 3.371808577082875e-13 9.94726508934832e-13 2.8213655118728933e-12 7.693605179406549e-12 2.017043750119033e-11 5.084118000400217e-11 1.2320570156574597e-10 2.8705219425176226e-10 6.429923658590338e-10 1.3847317273691929e-09 2.8670835572019773e-09 5.707289963509416e-09 1.0922810678691161e-08 2.0098042274495223e-08 3.555396047165376e-08 6.04695999979155e-08 9.887832185442244e-08 1.5544614600103976e-07 2.3494905990665244e-07 3.4141480122140423e-07 4.769862490608733e-07 6.406845538402388e-07 8.2736573199327e-07 1.027225248173815e-06 1.2261644547766267e-06 1.4071702336931935e-06 1.552599485928725e-06 1.6469754174046763e-06 1.6796920884117104e-06 1.6469754174046763e-06 1.552599485928725e-06 1.4071702336931935e-06 1.2261644547766267e-06 1.027225248173815e-06 8.2736573199327e-07 6.406845538402388e-07 4.769862490608733e-07 3.4141480122140476e-07 2.3494905990665244e-07 1.5544614600103976e-07 9.887832185442267e-08 6.04695999979155e-08 3.5553960471653815e-08 2.009804227449517e-08 1.0922810678691161e-08 5.707289963509432e-09 2.8670835572019724e-09 1.3847317273691929e-09 6.429923658590316e-10 2.8705219425176226e-10 1.2320570156574597e-10 5.084118000400198e-11 2.017043750119033e-11 7.693605179406578e-12 2.8213655118728933e-12 9.94726508934832e-13 3.3718085770828925e-13 1.0988464539443994e-13 3.4429125492825664e-14 1.0371220147397949e-14
8.190664503405908e-15 2.8281366844177167e-14 9.388506987107987e-14 2.996453573229905e-13 9.194612971430173e-13 2.7125280255353167e-12 7.693605179406549e-12 2.0979756223538167e-11 5.5002934492893615e-11 1.386392383971105e-10 3.359706566588756e-10 7.827650260704213e-10 1.7533812529692537e-09 3.7760365131507145e-09 7.818274099068324e-09 1.5563256670874503e-08 2.9785503671047006e-08 5.4805519344547225e-08 9.695239176988083e-08 1.648950572986107e-07 2.696321217328627e-07 4.238873938735043e-07 6.406845538402385e-07 9.310068730723856e-07 1.3006977865283287e-06 1.7470880610995085e-06 2.256150525034732e-06 2.8011491090074983e-06 3.343638093105982e-06 3.8372242634602725e-06 4.2337965060598385e-06 4.491151021864031e-06 4.580366385294758e-06 4.491151021864031e-06 4.2337965060598385e-06 3.8372242634602725e-06 3.343638093105982e-06 2.8011491090074983e-06 2.256150525034732e-06 1.7470880610995085e-06 1.3006977865283287e-06 9.310068730723871e-07 6.406845538402385e-07 4.238873938735043e-07 2.6963212173286326e-07 1.648950572986107e-07 9.695239176988097e-08 5.480551934454708e-08 2.9785503671047006e-08 1.5563256670874543e-08 7.81827409906831e-09 3.7760365131507145e-09 1.7533812529692475e-09 7.827650260704213e-10 3.359706566588756e-10 1.3863923839711e-10 5.5002934492893615e-11 2.0979756223538245e-11 7.693605179406549e-12 2.7125280255353167e-12 9.194612971430221e-13 2.996453573229905e-13 9.388506987107987e-14 2.8281366844176965e-14
2.1473585218719335e-14 7.414567411200502e-14 2.461398642080533e-13 7.855846266433222e-13 2.4105651637061484e-12 7.111474495173878e-12 2.017043750119033e-11 5.5002934492893615e-11 1.4420199980375822e-10 3.6347252401081065e-10 8.80819196507618e-10 2.0521865456174766e-09 4.596865338689389e-09 9.899690290137052e-09 2.049728383574226e-08 4.080241819987335e-08 7.808909168440989e-08 1.4368443361487092e-07 2.541815070026956e-07 4.3230778938325754e-07 7.068984868476912e-07 1.1113117954835675e-06 1.6796920884117108e-06 2.4408343693994587e-06 3.41005845755266e-06 4.580366385294761e-06 5.9149829107816346e-06 7.3438136890602595e-06 8.766065012553147e-06 1.0060107112248084e-05 1.1099806375146632e-05 1.1774516482518943e-05 1.2008413708885876e-05 1.1774516482518943e-05 1.1099806375146632e-05 1.0060107112248084e-05 8.766065012553147e-06 7.3438136890602595e-06 5.9149829107816346e-06 4.580366385294761e-06 3.41005845755266e-06 2.4408343693994625e-06 1.6796920884117108e-06 1.1113117954835675e-06 7.068984868476928e-07 4.3230778938325754e-07 2.54181507002696e-07 1.4368443361487055e-07 7.808909168440989e-08 4.0802418199873456e-08 2.0497283835742222e-08 9.899690290137052e-09 4.596865338689373e-09 2.0521865456174766e-09 8.80819196507618e-10 3.6347252401080936e-10 1.4420199980375822e-10 5.5002934492893816e-11 2.017043750119033e-11 7.111474495173878e-12 2.410565163706161e-12 7.855846266433222e-13 2.461398642080533e-13 7.414567411200449e-14
5.4125866698318384e-14 1.8689002476143962e-13 6.20414958357933e-13 1.980128066592159e-12 6.076019788471558e-12 1.7925032854724588e-11 5.084118000400217e-11 1.386392383971105e-10 3.6347252401081065e-10 9.161611897933344e-10 2.2201743178838648e-09 5.172698190674958e-09 1.1586761969078437e-08 2.4952950871542973e-08 5.16650219919423e-08 1.0284571607214343e-07 1.9682972005152688e-07 3.621679575743289e-07 6.406845538402406e-07 1.0896659101157023e-06 1.7817934396444947e-06 2.801149109007507e-06 4.233796506059846e-06 6.152315710914536e-06 8.595321536995591e-06 1.1545175054597063e-05 1.4909181363562337e-05 1.851066213409273e-05 2.2095558869444406e-05 2.5357294135199783e-05 2.7977938202634316e-05 2.967859829081589e-05 3.0268154714044502e-05 2.967859829081589e-05 2.7977938202634316e-05 2.5357294135199783e-05 2.2095558869444406e-05 1.851066213409273e-05 1.4909181363562337e-05 1.1545175054597063e-05 8.595321536995591e-06 6.152315710914546e-06 4.233796506059846e-06 2.801149109007507e-06 1.7817934396444987e-06 1.0896659101157023e-06 6.406845538402416e-07 3.6216795757432796e-07 1.9682972005152688e-07 1.0284571607214371e-07 5.166502199194221e-08 2.4952950871542973e-08 1.1586761969078396e-08 5.172698190674958e-09 2.2201743178838648e-09 9.161611897933312e-10 3.6347252401081065e-10 1.3863923839711102e-10 5.084118000400217e-11 1.7925032854724588e-11 6.07601978847159e-12 1.980128066592159e-12 6.20414958357933e-13 1.8689002476143828e-13
1.3116562949356044e-13 4.5289894165635464e-13 1.5034792701576758e-12 4.798532756621828e-12 1.4724290048088274e-11 4.34385324707558e-11 1.2320570156574597e-10 3.359706566588756e-10 8.80819196507618e-10 2.2201743178838648e-09 5.380247555458004e-09 1.2535230486778726e-08 2.8078717629355517e-08 6.046959999791576e-08 1.2520215463972048e-07 2.4923061582564534e-07 4.769862490608747e-07 8.776577824131143e-07 1.5525994859287298e-06 2.6406360536382893e-06 4.317899599485351e-06 6.78814970735075e-06 1.0259948112428653e-05 1.4909181363562322e-05 2.0829426462276148e-05 2.7977938202634326e-05 3.6130084894253914e-05 4.4857714051834656e-05 5.3545154376488545e-05 6.144946308268875e-05 6.780018686323368e-05 7.192147238950943e-05 7.335017079365258e-05 7.192147238950943e-05 6.780018686323368e-05 6.144946308268875e-05 5.3545154376488545e-05 4.4857714051834656e-05 3.6130084894253914e-05 2.7977938202634326e-05 2.0829426462276148e-05 1.4909181363562344e-05 1.0259948112428653e-05 6.78814970735075e-06 4.317899599485361e-06 2.6406360536382893e-06 1.5525994859287321e-06 8.77657782413112e-07 4.769862490608747e-07 2.49230615825646e-07 1.2520215463972027e-07 6.046959999791576e-08 2.8078717629355418e-08 1.2535230486778726e-08 5.380247555458004e-09 2.220174317883857e-09 8.80819196507618e-10 3.3597065665887686e-10 1.2320570156574597e-10 4.34385324707558e-11 1.4724290048088352e-11 4.798532756621828e-12 1.5034792701576758e-12 4.528989416563514e-13
3.055977221674954e-13 1.0551917104857591e-12 3.502898145346768e-12 1.1179915697669388e-11 3.4305553342007254e-11 1.0120575510990461e-10 2.8705219425176226e-10 7.827650260704213e-10 2.0521865456174766e-09 5.172698190674958e-09 1.2535230486778726e-08 2.9205348218087824e-08 6.541951715587669e-08 1.408857799950549e-07 2.9170365297747106e-07 5.806727630157002e-07 1.111311795483567e-06 2.0448208893107228e-06 3.617341434415471e-06 6.1523157109145245e-06 1.006010711224808e-05 1.5815447204484192e-05 2.3904255900123767e-05 3.473632445998672e-05 4.852967431715373e-05 6.518471507116704e-05 8.417808604306893e-05 0.00010451225133299525 0.00012475278221696904 0.00014316872506152403 0.00015796503053379528 0.00016756705412865458 0.0001708957232293653 0.00016756705412865458 0.00015796503053379528 0.00014316872506152403 0.00012475278221696904 0.00010451225133299525 8.417808604306893e-05 6.518471507116704e-05 4.852967431715373e-05 3.473632445998677e-05 2.3904255900123767e-05 1.5815447204484192e-05 1.0060107112248103e-05 6.1523157109145245e-06 3.6173414344154767e-06 2.0448208893107177e-06 1.111311795483567e-06 5.806727630157018e-07 2.917036529774706e-07 1.408857799950549e-07 6.541951715587646e-08 2.9205348218087824e-08 1.2535230486778726e-08 5.172698190674939e-09 2.0521865456174766e-09 7.827650260704242e-10 2.8705219425176226e-10 1.0120575510990461e-10 3.4305553342007434e-11 1.1179915697669388e-11 3.502898145346768e-12 1.0551917104857516e-12
6.84534054476761e-13 2.3636127085829224e-12 7.846436330893551e-12 2.504283398107088e-11 7.684389580430846e-11 2.2669928751561203e-10 6.429923658590338e-10 1.7533812529692537e-09 4.596865338689389e-09 1.1586761969078437e-08 2.8078717629355517e-08 6.541951715587669e-08 1.465386816465855e-07 3.155819144007799e-07 6.534115596873032e-07 1.300697786528329e-06 2.4893208095748347e-06 4.580366385294766e-06 8.102787484685587e-06 1.378108968922591e-05 2.2534480496694463e-05 3.542635109143571e-05 5.3545154376488416e-05 7.780881628162913e-05 0.00010870570136170805 0.00014601272869802978 0.0001885575786640618 0.00023410578665327176 0.0002794442550570863 0.00032069567516906634 0.0003538391649319225 0.00037534754560947215 0.00038280371164160033 0.00037534754560947215 0.0003538391649319225 0.00032069567516906634 0.0002794442550570863 0.00023410578665327176 0.0001885575786640618 0.00014601272869802978 0.00010870570136170805 7.780881628162924e-05 5.3545154376488416e-05 3.542635109143571e-05 2.2534480496694514e-05 1.378108968922591e-05 8.102787484685599e-06 4.5803663852947545e-06 2.4893208095748347e-06 1.3006977865283327e-06 6.534115596873022e-07 3.155819144007799e-07 1.4653868164658498e-07 6.541951715587669e-08 2.8078717629355517e-08 1.1586761969078396e-08 4.596865338689389e-09 1.7533812529692601e-09 6.429923658590338e-10 2.2669928751561203e-10 7.684389580430886e-11 2.504283398107088e-11 7.846436330893551e-12 2.3636127085829054e-12
1.4741948334522748e-12 5.090215191614507e-12 1.6897882325017603e-11 5.3931599499628794e-11 1.654890263474865e-10 4.882137217530828e-10 1.3847317273691929e-09 3.7760365131507145e-09 9.899690290137052e-09 2.4952950871542973e-08 6.046959999791576e-08 1.408857799950549e-07 3.155819144007799e-07 6.796290479605375e-07 1.4071702336931967e-06 2.801149109007503e-06 5.360936906324561e-06 9.864158570870997e-06 1.744995353900361e-05 2.9678598290815862e-05 4.85296743171538e-05 7.629327336677282e-05 0.00011531345945755785 0.00016756705412865474 0.00023410578665327203 0.00031444923573515466 0.0004060727241500116 0.0005041641667182388 0.0006018039195405167 0.0006906419108777537 0.0007620188731361589 0.0008083387654240668 0.0008243961717284582 0.0008083387654240668 0.0007620188731361589 0.0006906419108777537 0.0006018039195405167 0.0005041641667182388 0.0004060727241500116 0.00031444923573515466 0.00023410578665327203 0.00016756705412865499 0.00011531345945755785 7.629327336677282e-05 4.852967431715391e-05 2.9678598290815862e-05 1.7449953539003635e-05 9.86415857087097e-06 5.360936906324561e-06 2.8011491090075105e-06 1.4071702336931942e-06 6.796290479605375e-07 3.155819144007788e-07 1.408857799950549e-07 6.046959999791576e-08 2.4952950871542884e-08 9.899690290137052e-09 3.7760365131507286e-09 1.3847317273691929e-09 4.882137217530828e-10 1.654890263474874e-10 5.3931599499628794e-11 1.6897882325017603e-11 5.0902151916144704e-12
3.052316693236444e-12 1.053927774604e-11 3.498702283483891e-11 1.1166524105918899e-10 3.4264461264253345e-10 1.0108452824273652e-09 2.8670835572019773e-09 7.818274099068324e-09 2.049728383574226e-08 5.16650219919423e-08 1.2520215463972048e-07 2.9170365297747106e-07 6.534115596873032e-07 1.4071702336931967e-06 2.913542428085183e-06 5.799772181839484e-06 1.1099806375146638e-05 2.0423715500408187e-05 3.613008489425383e-05 6.144946308268862e-05 0.00010048056856140918 0.00015796503053379545 0.00023875622765065298 0.00034694716393462776 0.000484715442199496 0.0006510663513602164 0.0008407725535765854 0.0010438706385925895 0.0012460335011261646 0.0014299723386522979 0.001577758159406832 0.001673663379837027 0.0017069101991859978 0.001673663379837027 0.001577758159406832 0.0014299723386522979 0.0012460335011261646 0.0010438706385925895 0.0008407725535765854 0.0006510663513602164 0.000484715442199496 0.0003469471639346283 0.00023875622765065298 0.00015796503053379545 0.00010048056856140939 6.144946308268862e-05 3.613008489425389e-05 2.0423715500408132e-05 1.1099806375146638e-05 5.799772181839499e-06 2.9135424280851775e-06 1.4071702336931967e-06 6.53411559687301e-07 2.9170365297747106e-07 1.2520215463972048e-07 5.1665021991942116e-08 2.049728383574226e-08 7.818274099068354e-09 2.8670835572019773e-09 1.0108452824273652e-09 3.4264461264253525e-10 1.1166524105918899e-10 3.498702283483891e-11 1.0539277746039926e-11
6.076019788471547e-12 2.0979756223538206e-11 6.964606377681651e-11 2.2228368893159282e-10 6.820771420745652e-10 2.0122145099561607e-09 5.707289963509416e-09 1.5563256670874503e-08 4.080241819987335e-08 1.0284571607214343e-07 2.4923061582564534e-07 5.806727630157002e-07 1.300697786528329e-06 2.801149109007503e-06 5.799772181839484e-06 1.1545175054597032e-05 2.2095558869444362e-05 4.0655971187253315e-05 7.19214723895093e-05 0.00012232287511604068 0.00020001919338476085 0.0003144492357351543 0.0004752742620189868 0.0006906419108777524 0.0009648869742474433 0.0012960293547646647 0.0016736633798370274 0.0020779556298163204 0.0024803862019682587 0.002846539563168864 0.0031407258031975614 0.0033316371914040447 0.0033978191615501013 0.0033316371914040447 0.0031407258031975614 0.002846539563168864 0.0024803862019682587 0.0020779556298163204 0.0016736633798370274 0.0012960293547646647 0.0009648869742474433 0.0006906419108777534 0.0004752742620189868 0.0003144492357351543 0.0002000191933847613 0.00012232287511604068 7.192147238950939e-05 4.0655971187253214e-05 2.2095558869444362e-05 1.1545175054597065e-05 5.799772181839473e-06 2.801149109007503e-06 1.3006977865283246e-06 5.806727630157002e-07 2.4923061582564534e-07 1.0284571607214306e-07 4.080241819987335e-08 1.556325667087456e-08 5.707289963509416e-09 2.0122145099561607e-09 6.820771420745687e-10 2.2228368893159282e-10 6.964606377681651e-11 2.0979756223538057e-11
1.1628498683926438e-11 4.015178951480697e-11 1.3329106704129034e-10 4.254142801021994e-10 1.3053830344659896e-09 3.851046342080634e-09 1.0922810678691161e-08 2.9785503671047006e-08 7.808909168440989e-08 1.9682972005152688e-07 4.769862490608747e-07 1.111311795483567e-06 2.4893208095748347e-06 5.360936906324561e-06 1.1099806375146638e-05 2.2095558869444362e-05 4.228725155264628e-05 7.780881628162926e-05 0.00013764582344091505 0.00023410578665327173 0.00038280371164160033 0.0006018039195405164 0.0009095964665681533 0.0013217745878550957 0.0018466343594639035 0.0024803862019682605 0.0032031153760719664 0.003976863991197611 0.004747049662337068 0.005447806741324058 0.006010830632637541 0.006376203508927023 0.0065028648727038976 0.006376203508927023 0.006010830632637541 0.005447806741324058 0.004747049662337068 0.003976863991197611 0.0032031153760719664 0.0024803862019682605 0.0018466343594639035 0.0013217745878550977 0.0009095964665681533 0.0006018039195405164 0.0003828037116416012 0.00023410578665327173 0.00013764582344091524 7.780881628162905e-05 4.228725155264628e-05 2.2095558869444423e-05 1.1099806375146618e-05 5.360936906324561e-06 2.4893208095748262e-06 1.111311795483567e-06 4.769862490608747e-07 1.9682972005152617e-07 7.808909168440989e-08 2.978550367104712e-08 1.0922810678691161e-08 3.851046342080634e-09 1.3053830344659965e-09 4.254142801021994e-10 1.3329106704129034e-10 4.015178951480669e-11
2.1396512767029872e-11 7.387955232434011e-11 2.4525642520148774e-10 7.827650260704207e-10 2.4019132238818617e-09 7.08595016987433e-09 2.0098042274495223e-08 5.4805519344547225e-08 1.4368443361487092e-07 3.621679575743289e-07 8.776577824131143e-07 2.0448208893107228e-06 4.580366385294766e-06 9.864158570870997e-06 2.0423715500408187e-05 4.0655971187253315e-05 7.780881628162926e-05 0.00014316872506152435 0.00025326920513417747 0.0004307561611445238 0.0007043613045876264 0.0011073231031531097 0.0016736633798370274 0.002432073788103815 0.0033978191615501056 0.00456392664952847 0.005893753002967367 0.007317455457772774 0.00873460207260599 0.010023999628960958 0.011059967229428891 0.011732255684262737 0.01196531341259076 0.011732255684262737 0.011059967229428891 0.010023999628960958 0.00873460207260599 0.007317455457772774 0.005893753002967367 0.00456392664952847 0.0033978191615501056 0.0024320737881038186 0.0016736633798370274 0.0011073231031531097 0.0007043613045876279 0.0004307561611445238 0.00025326920513417785 0.00014316872506152397 7.780881628162926e-05 4.0655971187253424e-05 2.042371550040815e-05 9.864158570870997e-06 4.58036638529475e-06 2.0448208893107228e-06 8.776577824131143e-07 3.6216795757432764e-07 1.4368443361487092e-07 5.480551934454743e-08 2.0098042274495223e-08 7.08595016987433e-09 2.4019132238818746e-09 7.827650260704207e-10 2.4525642520148774e-10 7.387955232433959e-11
3.785098860676575e-11 1.3069485311693306e-10 4.3386500674737024e-10 1.3847317273691894e-09 4.249047078909231e-09 1.2535230486778726e-08 3.555396047165376e-08 9.695239176988083e-08 2.541815070026956e-07 6.406845538402406e-07 1.5525994859287298e-06 3.617341434415471e-06 8.102787484685587e-06 1.744995353900361e-05 3.613008489425383e-05 7.19214723895093e-05 0.00013764582344091505 0.00025326920513417747 0.00044803982323466746 0.000762018873136158 0.0012460335011261643 0.0019588834226314435 0.002960754129027457 0.00430240190290176 0.006010830632637542 0.008073705163750226 0.010426202633831176 0.012944769373328155 0.015451738661090963 0.017732716535690585 0.019565370214785105 0.020754666008985147 0.021166951203105928 0.020754666008985147 0.019565370214785105 0.017732716535690585 0.015451738661090963 0.012944769373328155 0.010426202633831176 0.008073705163750226 0.006010830632637542 0.004302401902901766 0.002960754129027457 0.0019588834226314435 0.0012460335011261672 0.000762018873136158 0.00044803982323466816 0.0002532692051341768 0.00013764582344091505 7.192147238950949e-05 3.613008489425377e-05 1.744995353900361e-05 8.102787484685558e-06 3.617341434415471e-06 1.5525994859287298e-06 6.406845538402383e-07 2.541815070026956e-07 9.695239176988119e-08 3.555396047165376e-08 1.2535230486778726e-08 4.249047078909253e-09 1.3847317273691894e-09 4.3386500674737024e-10 1.3069485311693213e-10
6.437634823838005e-11 2.2228368893159362e-10 7.379105748858379e-10 2.3551292893290046e-09 7.2267104374715864e-09 2.1319716941844462e-08 6.04695999979155e-08 1.648950572986107e-07 4.3230778938325754e-07 1.0896659101157023e-06 2.6406360536382893e-06 6.1523157109145245e-06 1.378108968922591e-05 2.9678598290815862e-05 6.144946308268862e-05 0.00012232287511604068 0.00023410578665327173 0.0004307561611445238 0.000762018873136158 0.0012960293547646638 0.002119233593038774 0.0033316371914040464 0.005035602658590099 0.007317455457772762 0.010223123364852604 0.013731626948911104 0.017732716535690588 0.022016254045579498 0.026280066797437034 0.03015951701483553 0.03327646470334712 0.035299199723593785 0.03600040770275614 0.035299199723593785 0.03327646470334712 0.03015951701483553 0.026280066797437034 0.022016254045579498 0.017732716535690588 0.013731626948911104 0.010223123364852604 0.007317455457772773 0.005035602658590099 0.0033316371914040464 0.0021192335930387786 0.0012960293547646638 0.0007620188731361591 0.00043075616114452266 0.00023410578665327173 0.000122322875116041 6.144946308268852e-05 2.9678598290815862e-05 1.3781089689225862e-05 6.1523157109145245e-06 2.6406360536382893e-06 1.0896659101156985e-06 4.3230778938325754e-07 1.6489505729861132e-07 6.04695999979155e-08 2.1319716941844462e-08 7.226710437471625e-09 2.3551292893290046e-09 7.379105748858379e-10 2.2228368893159204e-10
1.0526653526972814e-10 3.6347252401081034e-10 1.2066122369894785e-09 3.8510463420806166e-09 1.1816929508540855e-08 3.4861448292919896e-08 9.887832185442244e-08 2.696321217328627e-07 7.068984868476912e-07 1.7817934396444947e-06 4.317899599485351e-06 1.006010711224808e-05 2.2534480496694463e-05 4.85296743171538e-05 0.00010048056856140918 0.00020001919338476085 0.00038280371164160033 0.0007043613045876264 0.0012460335011261643 0.002119233593038774 0.003465315816615547 0.005447806741324059 0.008234086887034498 0.011965313412590741 0.01671658622617328 0.02245360030637044 0.02899607824476589 0.03600040770275614 0.04297248374790435 0.04931606014376872 0.054412812177165204 0.05772033602989543 0.05886693313410804 0.05772033602989543 0.054412812177165204 0.04931606014376872 0.04297248374790435 0.03600040770275614 0.02899607824476589 0.02245360030637044 0.01671658622617328 0.01196531341259076 0.008234086887034498 0.005447806741324059 0.0034653158166155548 0.002119233593038774 0.0012460335011261663 0.0007043613045876246 0.00038280371164160033 0.0002000191933847614 0.00010048056856140899 4.85296743171538e-05 2.2534480496694382e-05 1.006010711224808e-05 4.317899599485351e-06 1.7817934396444884e-06 7.068984868476912e-07 2.6963212173286363e-07 9.887832185442244e-08 3.4861448292919896e-08 1.1816929508540918e-08 3.8510463420806166e-09 1.2066122369894785e-09 3.6347252401080776e-10
1.6548902634748646e-10 5.714134501386039e-10 1.896909438186614e-09 6.054211891148304e-09 1.8577339453364515e-08 5.480551934454731e-08 1.5544614600103976e-07 4.238873938735043e-07 1.1113117954835675e-06 2.801149109007507e-06 6.78814970735075e-06 1.5815447204484192e-05 3.542635109143571e-05 7.629327336677282e-05 0.00015796503053379545 0.0003144492357351543 0.0006018039195405164 0.0011073231031531097 0.0019588834226314435 0.0033316371914040464 0.005447806741324059 0.00856447142523417 0.012944769373328153 0.018810613092930348 0.026280066797437055 0.03529919972359383 0.04558459860321604 0.05659607209049023 0.06755684013871925 0.07752954683627107 0.08554212680178563 0.09074186953680485 0.09254442946625242 0.09074186953680485 0.08554212680178563 0.07752954683627107 0.06755684013871925 0.05659607209049023 0.04558459860321604 0.03529919972359383 0.026280066797437055 0.018810613092930376 0.012944769373328153 0.00856447142523417 0.005447806741324071 0.0033316371914040464 0.001958883422631446 0.0011073231031531068 0.0006018039195405164 0.00031444923573515515 0.00015796503053379517 7.629327336677282e-05 3.542635109143559e-05 1.5815447204484192e-05 6.78814970735075e-06 2.801149109007497e-06 1.1113117954835675e-06 4.2388739387350584e-07 1.5544614600103976e-07 5.480551934454731e-08 1.857733945336461e-08 6.054211891148304e-09 1.896909438186614e-09 5.714134501385999e-10
2.5012837027782667e-10 8.636627950054407e-10 2.8670835572019914e-09 9.150637882597978e-09 2.8078717629355454e-08 8.283579605512455e-08 2.3494905990665244e-07 6.406845538402385e-07 1.6796920884117108e-06 4.233796506059846e-06 1.0259948112428653e-05 2.3904255900123767e-05 5.3545154376488416e-05 0.00011531345945755785 0.00023875622765065298 0.0004752742620189868 0.0009095964665681533 0.0016736633798370274 0.002960754129027457 0.005035602658590099 0.008234086887034498 0.012944769373328153 0.019565370214785077 0.028431299045665572 0.03972100400804126 0.05335297145585109 0.068898836436743 0.08554212680178552 0.10210877843668072 0.11718202485411783 0.12929263794266574 0.13715178851524434 0.13987626751806426 0.13715178851524434 0.12929263794266574 0.11718202485411783 0.10210877843668072 0.08554212680178552 0.068898836436743 0.05335297145585109 0.03972100400804126 0.028431299045665614 0.019565370214785077 0.012944769373328153 0.008234086887034515 0.005035602658590099 0.0029607541290274614 0.001673663379837023 0.0009095964665681533 0.000475274262018988 0.00023875622765065255 0.00011531345945755785 5.3545154376488226e-05 2.3904255900123767e-05 1.0259948112428653e-05 4.233796506059832e-06 1.6796920884117108e-06 6.40684553840241e-07 2.3494905990665244e-07 8.283579605512455e-08 2.8078717629355603e-08 9.150637882597978e-09 2.8670835572019914e-09 8.636627950054346e-10
3.634725240108101e-10 1.2550263516536675e-09 4.1662850796516785e-09 1.3297193932069788e-08 4.080241819987336e-08 1.203723345622817e-07 3.4141480122140423e-07 9.310068730723856e-07 2.4408343693994587e-06 6.152315710914536e-06 1.4909181363562322e-05 3.473632445998672e-05 7.780881628162913e-05 0.00016756705412865474 0.00034694716393462776 0.0006906419108777524 0.0013217745878550957 0.002432073788103815 0.00430240190290176 0.007317455457772762 0.011965313412590741 0.018810613092930348 0.028431299045665572 0.04131476974625412 0.05772033602989542 0.07752954683627102 0.10011992623329757 0.1243050226704092 0.14837875200169157 0.17028234860009966 0.187880812547726 0.19930128952929846 0.20326034966577747 0.19930128952929846 0.187880812547726 0.17028234860009966 0.14837875200169157 0.1243050226704092 0.10011992623329757 0.07752954683627102 0.05772033602989542 0.041314769746254185 0.028431299045665572 0.018810613092930348 0.011965313412590769 0.007317455457772762 0.004302401902901766 0.0024320737881038086 0.0013217745878550957 0.0006906419108777543 0.00034694716393462717 0.00016756705412865474 7.780881628162886e-05 3.473632445998672e-05 1.4909181363562322e-05 6.152315710914514e-06 2.4408343693994587e-06 9.310068730723891e-07 3.4141480122140423e-07 1.203723345622817e-07 4.0802418199873575e-08 1.3297193932069788e-08 4.1662850796516785e-09 1.2550263516536586e-09
5.078028112559034e-10 1.7533812529692562e-09 5.820663561017134e-09 1.8577339453364446e-08 5.700453624197053e-08 1.6817064798643445e-07 4.769862490608733e-07 1.3006977865283287e-06 3.41005845755266e-06 8.595321536995591e-06 2.0829426462276148e-05 4.852967431715373e-05 0.00010870570136170805 0.00023410578665327203 0.000484715442199496 0.0009648869742474433 0.0018466343594639035 0.0033978191615501056 0.006010830632637542 0.010223123364852604 0.01671658622617328 0.026280066797437055 0.03972100400804126 0.05772033602989542 0.08064034271196953 0.1083155375939331 0.13987626751806445 0.17366495620831374 0.20729805534038265 0.23789928980661174 0.2624858785472906 0.2784412807689819 0.28397243301413877 0.2784412807689819 0.2624858785472906 0.23789928980661174 0.20729805534038265 0.17366495620831374 0.13987626751806445 0.1083155375939331 0.08064034271196953 0.0577203360298955 0.03972100400804126 0.026280066797437055 0.016716586226173318 0.010223123364852604 0.006010830632637551 0.003397819161550097 0.0018466343594639035 0.0009648869742474458 0.00048471544219949516 0.00023410578665327203 0.00010870570136170765 4.852967431715373e-05 2.0829426462276148e-05 8.595321536995561e-06 3.41005845755266e-06 1.3006977865283333e-06 4.769862490608733e-07 1.6817064798643445e-07 5.7004536241970834e-08 1.8577339453364446e-08 5.820663561017134e-09 1.7533812529692438e-09
6.820771420745657e-10 2.3551292893290145e-09 7.818274099068367e-09 2.4952950871542837e-08 7.656808962724556e-08 2.2588562413769336e-07 6.406845538402388e-07 1.7470880610995085e-06 4.580366385294761e-06 1.1545175054597063e-05 2.7977938202634326e-05 6.518471507116704e-05 0.00014601272869802978 0.00031444923573515466 0.0006510663513602164 0.0012960293547646647 0.0024803862019682605 0.00456392664952847 0.008073705163750226 0.013731626948911104 0.02245360030637044 0.03529919972359383 0.05335297145585109 0.07752954683627102 0.1083155375939331 0.1454886634865616 0.18788081254772626 0.23326554005503092 0.278441280768982 0.3195446423219781 0.3525691743054252 0.3740003576443002 0.38142976219293845 0.3740003576443002 0.3525691743054252 0.3195446423219781 0.278441280768982 0.23326554005503092 0.18788081254772626 0.1454886634865616 0.1083155375939331 0.07752954683627113 0.05335297145585109 0.03529919972359383 0.02245360030637049 0.013731626948911104 0.008073705163750238 0.004563926649528458 0.0024803862019682605 0.0012960293547646681 0.0006510663513602152 0.00031444923573515466 0.00014601272869802927 6.518471507116704e-05 2.7977938202634326e-05 1.1545175054597022e-05 4.580366385294761e-06 1.7470880610995151e-06 6.406845538402388e-07 2.2588562413769336e-07 7.656808962724596e-08 2.4952950871542837e-08 7.818274099068367e-09 2.355129289328998e-09
8.808191965076177e-10 3.041361394971887e-09 1.0096344658424098e-08 3.222368377617269e-08 9.887832185442267e-08 2.917036529774717e-07 8.2736573199327e-07 2.256150525034732e-06 5.9149829107816346e-06 1.4909181363562337e-05 3.6130084894253914e-05 8.417808604306893e-05 0.0001885575786640618 0.0004060727241500116 0.0008407725535765854 0.0016736633798370274 0.0032031153760719664 0.005893753002967367 0.010426202633831176 0.017732716535690588 0.02899607824476589 0.04558459860321604 0.068898836436743 0.10011992623329757 0.13987626751806445 0.18788081254772626 0.24262508760247395 0.30123391166468105 0.3595728548467834 0.4126528184807417 0.4552999619376031 0.4829757137320997 0.49256988093312604 0.4829757137320997 0.4552999619376031 0.4126528184807417 0.3595728548467834 0.30123391166468105 0.24262508760247395 0.18788081254772626 0.13987626751806445 0.10011992623329773 0.068898836436743 0.04558459860321604 0.028996078244765956 0.017732716535690588 0.010426202633831191 0.005893753002967351 0.0032031153760719664 0.001673663379837032 0.0008407725535765839 0.0004060727241500116 0.00018855757866406112 8.417808604306893e-05 3.6130084894253914e-05 1.4909181363562285e-05 5.9149829107816346e-06 2.2561505250347403e-06 8.2736573199327e-07 2.917036529774717e-07 9.887832185442318e-08 3.222368377617269e-08 1.0096344658424098e-08 3.0413613949718656e-09
1.0935909994108357e-09 3.776036513150715e-09 1.2535230486778762e-08 4.000767772229026e-08 1.227634947621276e-07 3.6216795757432833e-07 1.027225248173815e-06 2.8011491090074983e-06 7.3438136890602595e-06 1.851066213409273e-05 4.4857714051834656e-05 0.00010451225133299525 0.00023410578665327176 0.0005041641667182388 0.0010438706385925895 0.0020779556298163204 0.003976863991197611 0.007317455457772774 0.012944769373328155 0.022016254045579498 0.03600040770275614 0.05659607209049023 0.08554212680178552 0.1243050226704092 0.17366495620831374 0.23326554005503092 0.30123391166468105 0.3740003576443 0.44643172997592645 0.5123337569859033 0.5652827985371373 0.5996439400567499 0.6115556864622387 0.5996439400567499 0.5652827985371373 0.5123337569859033 0.44643172997592645 0.3740003576443 0.30123391166468105 0.23326554005503092 0.17366495620831374 0.1243050226704094 0.08554212680178552 0.05659607209049023 0.036000407702756226 0.022016254045579498 0.012944769373328174 0.007317455457772755 0.003976863991197611 0.002077955629816326 0.0010438706385925876 0.0005041641667182388 0.00023410578665327092 0.00010451225133299525 4.4857714051834656e-05 1.8510662134092666e-05 7.3438136890602595e-06 2.801149109007509e-06 1.027225248173815e-06 3.6216795757432833e-07 1.2276349476212823e-07 4.000767772229026e-08 1.2535230486778762e-08 3.776036513150689e-09
